Vertex Count: 186

Data: 

0.19509 -1 0.980785 0.296822 0.514612 0.0878 0.4455 0.891
0 1 -0 0.25 0.75 0.0878 0.4455 0.891
0 -1 1 0.25 0.51 0.0878 0.4455 0.891
0.382683 -1 0.92388 0.341844 0.528269 0.2599 0.4455 0.8567
0 1 -0 0.25 0.75 0.2599 0.4455 0.8567
0.19509 -1 0.980785 0.296822 0.514612 0.2599 0.4455 0.8567
0.55557 -1 0.83147 0.383337 0.550447 0.422 0.4455 0.7896
0 1 -0 0.25 0.75 0.422 0.4455 0.7896
0.382683 -1 0.92388 0.341844 0.528269 0.422 0.4455 0.7896
0.707107 -1 0.707107 0.419706 0.580294 0.568 0.4455 0.6921
0 1 -0 0.25 0.75 0.568 0.4455 0.6921
0.55557 -1 0.83147 0.383337 0.550447 0.568 0.4455 0.6921
0.83147 -1 0.55557 0.449553 0.616663 0.6921 0.4455 0.568
0 1 -0 0.25 0.75 0.6921 0.4455 0.568
0.707107 -1 0.707107 0.419706 0.580294 0.6921 0.4455 0.568
0.92388 -1 0.382683 0.471731 0.658156 0.7896 0.4455 0.422
0 1 -0 0.25 0.75 0.7896 0.4455 0.422
0.83147 -1 0.55557 0.449553 0.616663 0.7896 0.4455 0.422
0.980785 -1 0.19509 0.485388 0.703178 0.8567 0.4455 0.2599
0 1 -0 0.25 0.75 0.8567 0.4455 0.2599
0.92388 -1 0.382683 0.471731 0.658156 0.8567 0.4455 0.2599
1 -1 -0 0.49 0.75 0.891 0.4455 0.0878
0 1 -0 0.25 0.75 0.891 0.4455 0.0878
0.980785 -1 0.19509 0.485388 0.703178 0.891 0.4455 0.0878
0.980785 -1 -0.19509 0.485388 0.796822 0.891 0.4455 -0.0878
0 1 -0 0.25 0.75 0.891 0.4455 -0.0878
1 -1 -0 0.49 0.75 0.891 0.4455 -0.0878
0.92388 -1 -0.382683 0.471731 0.841844 0.8567 0.4455 -0.2599
0 1 -0 0.25 0.75 0.8567 0.4455 -0.2599
0.980785 -1 -0.19509 0.485388 0.796822 0.8567 0.4455 -0.2599
0.83147 -1 -0.55557 0.449553 0.883337 0.7896 0.4455 -0.422
0 1 -0 0.25 0.75 0.7896 0.4455 -0.422
0.92388 -1 -0.382683 0.471731 0.841844 0.7896 0.4455 -0.422
0.707107 -1 -0.707107 0.419706 0.919706 0.6921 0.4455 -0.568
0 1 -0 0.25 0.75 0.6921 0.4455 -0.568
0.83147 -1 -0.55557 0.449553 0.883337 0.6921 0.4455 -0.568
0.55557 -1 -0.83147 0.383337 0.949553 0.568 0.4455 -0.6921
0 1 -0 0.25 0.75 0.568 0.4455 -0.6921
0.707107 -1 -0.707107 0.419706 0.919706 0.568 0.4455 -0.6921
0.382683 -1 -0.92388 0.341844 0.971731 0.422 0.4455 -0.7896
0 1 -0 0.25 0.75 0.422 0.4455 -0.7896
0.55557 -1 -0.83147 0.383337 0.949553 0.422 0.4455 -0.7896
0.19509 -1 -0.980785 0.296822 0.985388 0.2599 0.4455 -0.8567
0 1 -0 0.25 0.75 0.2599 0.4455 -0.8567
0.382683 -1 -0.92388 0.341844 0.971731 0.2599 0.4455 -0.8567
0 -1 -1 0.25 0.99 0.0878 0.4455 -0.891
0 1 -0 0.25 0.75 0.0878 0.4455 -0.891
0.19509 -1 -0.980785 0.296822 0.985388 0.0878 0.4455 -0.891
-0.19509 -1 -0.980785 0.203178 0.985388 -0.0878 0.4455 -0.891
0 1 -0 0.25 0.75 -0.0878 0.4455 -0.891
0 -1 -1 0.25 0.99 -0.0878 0.4455 -0.891
-0.382683 -1 -0.92388 0.158156 0.971731 -0.2599 0.4455 -0.8567
0 1 -0 0.25 0.75 -0.2599 0.4455 -0.8567
-0.19509 -1 -0.980785 0.203178 0.985388 -0.2599 0.4455 -0.8567
-0.55557 -1 -0.83147 0.116663 0.949553 -0.422 0.4455 -0.7896
0 1 -0 0.25 0.75 -0.422 0.4455 -0.7896
-0.382683 -1 -0.92388 0.158156 0.971731 -0.422 0.4455 -0.7896
-0.707107 -1 -0.707107 0.080294 0.919706 -0.568 0.4455 -0.6921
0 1 -0 0.25 0.75 -0.568 0.4455 -0.6921
-0.55557 -1 -0.83147 0.116663 0.949553 -0.568 0.4455 -0.6921
-0.83147 -1 -0.55557 0.050447 0.883337 -0.6921 0.4455 -0.568
0 1 -0 0.25 0.75 -0.6921 0.4455 -0.568
-0.707107 -1 -0.707107 0.080294 0.919706 -0.6921 0.4455 -0.568
-0.92388 -1 -0.382683 0.028269 0.841844 -0.7896 0.4455 -0.422
0 1 -0 0.25 0.75 -0.7896 0.4455 -0.422
-0.83147 -1 -0.55557 0.050447 0.883337 -0.7896 0.4455 -0.422
-0.980785 -1 -0.19509 0.014612 0.796822 -0.8567 0.4455 -0.2599
0 1 -0 0.25 0.75 -0.8567 0.4455 -0.2599
-0.92388 -1 -0.382683 0.028269 0.841844 -0.8567 0.4455 -0.2599
-1 -1 -0 0.01 0.75 -0.891 0.4455 -0.0878
0 1 -0 0.25 0.75 -0.891 0.4455 -0.0878
-0.980785 -1 -0.19509 0.014612 0.796822 -0.891 0.4455 -0.0878
-0.980785 -1 0.19509 0.014612 0.703178 -0.891 0.4455 0.0878
0 1 -0 0.25 0.75 -0.891 0.4455 0.0878
-1 -1 -0 0.01 0.75 -0.891 0.4455 0.0878
-0.92388 -1 0.382683 0.028269 0.658156 -0.8567 0.4455 0.2599
0 1 -0 0.25 0.75 -0.8567 0.4455 0.2599
-0.980785 -1 0.19509 0.014612 0.703178 -0.8567 0.4455 0.2599
-0.83147 -1 0.55557 0.050447 0.616663 -0.7896 0.4455 0.422
0 1 -0 0.25 0.75 -0.7896 0.4455 0.422
-0.92388 -1 0.382683 0.028269 0.658156 -0.7896 0.4455 0.422
-0.707107 -1 0.707107 0.080294 0.580294 -0.6921 0.4455 0.568
0 1 -0 0.25 0.75 -0.6921 0.4455 0.568
-0.83147 -1 0.55557 0.050447 0.616663 -0.6921 0.4455 0.568
-0.55557 -1 0.83147 0.116663 0.550447 -0.568 0.4455 0.6921
0 1 -0 0.25 0.75 -0.568 0.4455 0.6921
-0.707107 -1 0.707107 0.080294 0.580294 -0.568 0.4455 0.6921
-0.382683 -1 0.92388 0.158156 0.528269 -0.422 0.4455 0.7896
0 1 -0 0.25 0.75 -0.422 0.4455 0.7896
-0.55557 -1 0.83147 0.116663 0.550447 -0.422 0.4455 0.7896
-0.19509 -1 0.980785 0.703178 0.514612 -0 -1 0
-0.980785 -1 -0.19509 0.514612 0.796822 -0 -1 0
0.19509 -1 -0.980785 0.796822 0.985388 -0 -1 0
-0.19509 -1 0.980785 0.203178 0.514612 -0.2599 0.4455 0.8567
0 1 -0 0.25 0.75 -0.2599 0.4455 0.8567
-0.382683 -1 0.92388 0.158156 0.528269 -0.2599 0.4455 0.8567
0 -1 1 0.25 0.51 -0.0878 0.4455 0.891
0 1 -0 0.25 0.75 -0.0878 0.4455 0.891
-0.19509 -1 0.980785 0.203178 0.514612 -0.0878 0.4455 0.891
0.19509 -1 0.980785 0.796822 0.514612 -0 -1 0
0 -1 1 0.75 0.51 -0 -1 0
-0.19509 -1 0.980785 0.703178 0.514612 -0 -1 0
0.55557 -1 0.83147 0.883337 0.550447 -0 -1 0
0.382683 -1 0.92388 0.841844 0.528269 -0 -1 0
0.19509 -1 0.980785 0.796822 0.514612 -0 -1 0
0.83147 -1 0.55557 0.949553 0.616663 -0 -1 0
0.707107 -1 0.707107 0.919706 0.580294 -0 -1 0
0.55557 -1 0.83147 0.883337 0.550447 -0 -1 0
0.980785 -1 0.19509 0.985388 0.703178 -0 -1 0
0.92388 -1 0.382683 0.971731 0.658156 -0 -1 0
0.83147 -1 0.55557 0.949553 0.616663 -0 -1 0
0.980785 -1 -0.19509 0.985388 0.796822 -0 -1 0
1 -1 -0 0.99 0.75 -0 -1 0
0.980785 -1 0.19509 0.985388 0.703178 -0 -1 0
0.83147 -1 -0.55557 0.949553 0.883337 -0 -1 0
0.92388 -1 -0.382683 0.971731 0.841844 -0 -1 0
0.980785 -1 -0.19509 0.985388 0.796822 -0 -1 0
0.55557 -1 -0.83147 0.883337 0.949553 -0 -1 0
0.707107 -1 -0.707107 0.919706 0.919706 -0 -1 0
0.83147 -1 -0.55557 0.949553 0.883337 -0 -1 0
0.19509 -1 -0.980785 0.796822 0.985388 -0 -1 0
0.382683 -1 -0.92388 0.841844 0.971731 -0 -1 0
0.55557 -1 -0.83147 0.883337 0.949553 -0 -1 0
-0.19509 -1 -0.980785 0.703178 0.985388 -0 -1 0
0 -1 -1 0.75 0.99 -0 -1 0
0.19509 -1 -0.980785 0.796822 0.985388 -0 -1 0
-0.55557 -1 -0.83147 0.616663 0.949553 -0 -1 0
-0.382683 -1 -0.92388 0.658156 0.971731 -0 -1 0
-0.19509 -1 -0.980785 0.703178 0.985388 -0 -1 0
-0.83147 -1 -0.55557 0.550447 0.883337 -0 -1 0
-0.707107 -1 -0.707107 0.580294 0.919706 -0 -1 0
-0.55557 -1 -0.83147 0.616663 0.949553 -0 -1 0
-0.980785 -1 -0.19509 0.514612 0.796822 -0 -1 0
-0.92388 -1 -0.382683 0.528269 0.841844 -0 -1 0
-0.83147 -1 -0.55557 0.550447 0.883337 -0 -1 0
-0.980785 -1 0.19509 0.514612 0.703178 -0 -1 0
-1 -1 -0 0.51 0.75 -0 -1 0
-0.980785 -1 -0.19509 0.514612 0.796822 -0 -1 0
-0.83147 -1 0.55557 0.550447 0.616663 -0 -1 0
-0.92388 -1 0.382683 0.528269 0.658156 -0 -1 0
-0.980785 -1 0.19509 0.514612 0.703178 -0 -1 0
-0.55557 -1 0.83147 0.616663 0.550447 -0 -1 0
-0.707107 -1 0.707107 0.580294 0.580294 -0 -1 0
-0.83147 -1 0.55557 0.550447 0.616663 -0 -1 0
-0.19509 -1 0.980785 0.703178 0.514612 -0 -1 0
-0.382683 -1 0.92388 0.658156 0.528269 -0 -1 0
-0.55557 -1 0.83147 0.616663 0.550447 -0 -1 0
0.55557 -1 0.83147 0.883337 0.550447 -0 -1 0
0.19509 -1 0.980785 0.796822 0.514612 -0 -1 0
-0.19509 -1 0.980785 0.703178 0.514612 -0 -1 0
0.980785 -1 0.19509 0.985388 0.703178 -0 -1 0
0.83147 -1 0.55557 0.949553 0.616663 -0 -1 0
0.55557 -1 0.83147 0.883337 0.550447 -0 -1 0
0.83147 -1 -0.55557 0.949553 0.883337 -0 -1 0
0.980785 -1 -0.19509 0.985388 0.796822 -0 -1 0
0.980785 -1 0.19509 0.985388 0.703178 -0 -1 0
0.19509 -1 -0.980785 0.796822 0.985388 -0 -1 0
0.55557 -1 -0.83147 0.883337 0.949553 -0 -1 0
0.83147 -1 -0.55557 0.949553 0.883337 -0 -1 0
-0.55557 -1 -0.83147 0.616663 0.949553 -0 -1 0
-0.19509 -1 -0.980785 0.703178 0.985388 -0 -1 0
0.19509 -1 -0.980785 0.796822 0.985388 -0 -1 0
-0.980785 -1 -0.19509 0.514612 0.796822 -0 -1 0
-0.83147 -1 -0.55557 0.550447 0.883337 -0 -1 0
-0.55557 -1 -0.83147 0.616663 0.949553 -0 -1 0
-0.83147 -1 0.55557 0.550447 0.616663 -0 -1 0
-0.980785 -1 0.19509 0.514612 0.703178 -0 -1 0
-0.980785 -1 -0.19509 0.514612 0.796822 -0 -1 0
-0.19509 -1 0.980785 0.703178 0.514612 -0 -1 0
-0.55557 -1 0.83147 0.616663 0.550447 -0 -1 0
-0.83147 -1 0.55557 0.550447 0.616663 -0 -1 0
0.980785 -1 0.19509 0.985388 0.703178 -0 -1 0
0.55557 -1 0.83147 0.883337 0.550447 -0 -1 0
-0.19509 -1 0.980785 0.703178 0.514612 -0 -1 0
0.19509 -1 -0.980785 0.796822 0.985388 -0 -1 0
0.83147 -1 -0.55557 0.949553 0.883337 -0 -1 0
0.980785 -1 0.19509 0.985388 0.703178 -0 -1 0
-0.980785 -1 -0.19509 0.514612 0.796822 -0 -1 0
-0.55557 -1 -0.83147 0.616663 0.949553 -0 -1 0
0.19509 -1 -0.980785 0.796822 0.985388 -0 -1 0
-0.19509 -1 0.980785 0.703178 0.514612 -0 -1 0
-0.83147 -1 0.55557 0.550447 0.616663 -0 -1 0
-0.980785 -1 -0.19509 0.514612 0.796822 -0 -1 0
0.19509 -1 -0.980785 0.796822 0.985388 -0 -1 0
0.980785 -1 0.19509 0.985388 0.703178 -0 -1 0
-0.19509 -1 0.980785 0.703178 0.514612 -0 -1 0
