Vertex Count: 162

Data: 

0.704761 0.190526 0.591365 0.666667 0.333333 0.826 0.4769 0.3006
0.789026 0 0.662071 0.666667 0.5 0.826 0.4769 0.3006
1.03 0 -0 0.555556 0.5 0.826 0.4769 0.3006
0.536231 0.190526 0.449951 0.666667 0.166667 -0 1 0
0.704761 0.190526 0.591365 0.666667 0.333333 -0 1 0
0.92 0.190526 -0 0.555556 0.333333 -0 1 0
0.451966 0 0.379245 0.666667 0 -0.826 0.4769 -0.3006
0.536231 0.190526 0.449951 0.666667 0.166667 -0.826 0.4769 -0.3006
0.7 0.190526 -0 0.555556 0.166667 -0.826 0.4769 -0.3006
0.536231 -0.190526 0.449951 0.666667 0.833333 -0.826 -0.4769 -0.3006
0.451966 0 0.379245 0.666667 1 -0.826 -0.4769 -0.3006
0.59 0 -0 0.555556 1 -0.826 -0.4769 -0.3006
0.704761 -0.190526 0.591365 0.666667 0.666667 -0 -1 0
0.536231 -0.190526 0.449951 0.666667 0.833333 -0 -1 0
0.7 -0.190526 -0 0.555556 0.833333 -0 -1 0
0.789026 0 0.662071 0.666667 0.5 0.826 -0.4769 0.3006
0.704761 -0.190526 0.591365 0.666667 0.666667 0.826 -0.4769 0.3006
0.92 -0.190526 -0 0.555556 0.666667 0.826 -0.4769 0.3006
0.159756 0.190526 0.906023 0.777778 0.333333 0.4395 0.4769 0.7612
0.178858 0 1.01435 0.777778 0.5 0.4395 0.4769 0.7612
0.789026 0 0.662071 0.666667 0.5 0.4395 0.4769 0.7612
0.121554 0.190526 0.689365 0.777778 0.166667 -0 1 0
0.159756 0.190526 0.906023 0.777778 0.333333 -0 1 0
0.704761 0.190526 0.591365 0.666667 0.333333 -0 1 0
0.102452 0 0.581037 0.777778 0 -0.4395 0.4769 -0.7612
0.121554 0.190526 0.689365 0.777778 0.166667 -0.4395 0.4769 -0.7612
0.536231 0.190526 0.449951 0.666667 0.166667 -0.4395 0.4769 -0.7612
0.121554 -0.190526 0.689365 0.777778 0.833333 -0.4395 -0.4769 -0.7612
0.102452 0 0.581037 0.777778 1 -0.4395 -0.4769 -0.7612
0.451966 0 0.379245 0.666667 1 -0.4395 -0.4769 -0.7612
0.159756 -0.190526 0.906023 0.777778 0.666667 -0 -1 0
0.121554 -0.190526 0.689365 0.777778 0.833333 -0 -1 0
0.536231 -0.190526 0.449951 0.666667 0.833333 -0 -1 0
0.178858 0 1.01435 0.777778 0.5 0.4395 -0.4769 0.7612
0.159756 -0.190526 0.906023 0.777778 0.666667 0.4395 -0.4769 0.7612
0.704761 -0.190526 0.591365 0.666667 0.666667 0.4395 -0.4769 0.7612
-0.46 0.190526 0.796743 0.888889 0.333333 -0.1526 0.4769 0.8656
-0.515 0 0.892006 0.888889 0.5 -0.1526 0.4769 0.8656
0.178858 0 1.01435 0.777778 0.5 -0.1526 0.4769 0.8656
-0.35 0.190526 0.606218 0.888889 0.166667 -0 1 0
-0.46 0.190526 0.796743 0.888889 0.333333 -0 1 0
0.159756 0.190526 0.906023 0.777778 0.333333 -0 1 0
-0.295 0 0.510955 0.888889 0 0.1526 0.4769 -0.8656
-0.35 0.190526 0.606218 0.888889 0.166667 0.1526 0.4769 -0.8656
0.121554 0.190526 0.689365 0.777778 0.166667 0.1526 0.4769 -0.8656
-0.35 -0.190526 0.606218 0.888889 0.833333 0.1526 -0.4769 -0.8656
-0.295 0 0.510955 0.888889 1 0.1526 -0.4769 -0.8656
0.102452 0 0.581037 0.777778 1 0.1526 -0.4769 -0.8656
-0.46 -0.190526 0.796743 0.888889 0.666667 -0 -1 0
-0.35 -0.190526 0.606218 0.888889 0.833333 -0 -1 0
0.121554 -0.190526 0.689365 0.777778 0.833333 -0 -1 0
-0.515 0 0.892006 0.888889 0.5 -0.1526 -0.4769 0.8656
-0.46 -0.190526 0.796743 0.888889 0.666667 -0.1526 -0.4769 0.8656
0.159756 -0.190526 0.906023 0.777778 0.666667 -0.1526 -0.4769 0.8656
-0.864517 0.190526 0.314659 1 0.333333 -0.6733 0.4769 0.565
-0.967883 0 0.352281 1 0.5 -0.6733 0.4769 0.565
-0.515 0 0.892006 0.888889 0.5 -0.6733 0.4769 0.565
-0.657785 0.190526 0.239414 1 0.166667 -0 1 0
-0.864517 0.190526 0.314659 1 0.333333 -0 1 0
-0.46 0.190526 0.796743 0.888889 0.333333 -0 1 0
-0.554419 0 0.201792 1 0 0.6733 0.4769 -0.565
-0.657785 0.190526 0.239414 1 0.166667 0.6733 0.4769 -0.565
-0.35 0.190526 0.606218 0.888889 0.166667 0.6733 0.4769 -0.565
-0.657785 -0.190526 0.239414 1 0.833333 0.6733 -0.4769 -0.565
-0.554419 0 0.201792 1 1 0.6733 -0.4769 -0.565
-0.295 0 0.510955 0.888889 1 0.6733 -0.4769 -0.565
-0.864517 -0.190526 0.314659 1 0.666667 -0 -1 0
-0.657785 -0.190526 0.239414 1 0.833333 -0 -1 0
-0.35 -0.190526 0.606218 0.888889 0.833333 -0 -1 0
-0.967883 0 0.352281 1 0.5 -0.6733 -0.4769 0.565
-0.864517 -0.190526 0.314659 1 0.666667 -0.6733 -0.4769 0.565
-0.46 -0.190526 0.796743 0.888889 0.666667 -0.6733 -0.4769 0.565
-0.864517 0.190526 -0.314658 0.111111 0.333333 -0.879 0.4769 0
-0.967883 0 -0.352281 0.111111 0.5 -0.879 0.4769 0
-0.967883 0 0.352281 0 0.5 -0.879 0.4769 0
-0.657785 0.190526 -0.239414 0.111111 0.166667 -0 1 0
-0.864517 0.190526 -0.314658 0.111111 0.333333 -0 1 0
-0.864517 0.190526 0.314659 0 0.333333 -0 1 0
-0.554419 0 -0.201792 0.111111 0 0.879 0.4769 0
-0.657785 0.190526 -0.239414 0.111111 0.166667 0.879 0.4769 0
-0.657785 0.190526 0.239414 0 0.166667 0.879 0.4769 0
-0.657785 -0.190526 -0.239414 0.111111 0.833333 0.879 -0.4769 0
-0.554419 0 -0.201792 0.111111 1 0.879 -0.4769 0
-0.554419 0 0.201792 0 1 0.879 -0.4769 0
-0.864517 -0.190526 -0.314658 0.111111 0.666667 -0 -1 0
-0.657785 -0.190526 -0.239414 0.111111 0.833333 -0 -1 0
-0.657785 -0.190526 0.239414 0 0.833333 -0 -1 0
-0.967883 0 -0.352281 0.111111 0.5 -0.879 -0.4769 0
-0.864517 -0.190526 -0.314658 0.111111 0.666667 -0.879 -0.4769 0
-0.864517 -0.190526 0.314659 0 0.666667 -0.879 -0.4769 0
-0.46 0.190526 -0.796743 0.222222 0.333333 -0.6733 0.4769 -0.565
-0.515 0 -0.892006 0.222222 0.5 -0.6733 0.4769 -0.565
-0.967883 0 -0.352281 0.111111 0.5 -0.6733 0.4769 -0.565
-0.35 0.190526 -0.606218 0.222222 0.166667 -0 1 0
-0.46 0.190526 -0.796743 0.222222 0.333333 -0 1 0
-0.864517 0.190526 -0.314658 0.111111 0.333333 -0 1 0
-0.295 0 -0.510955 0.222222 0 0.6733 0.4769 0.565
-0.35 0.190526 -0.606218 0.222222 0.166667 0.6733 0.4769 0.565
-0.657785 0.190526 -0.239414 0.111111 0.166667 0.6733 0.4769 0.565
-0.35 -0.190526 -0.606218 0.222222 0.833333 0.6733 -0.4769 0.565
-0.295 0 -0.510955 0.222222 1 0.6733 -0.4769 0.565
-0.554419 0 -0.201792 0.111111 1 0.6733 -0.4769 0.565
-0.46 -0.190526 -0.796743 0.222222 0.666667 -0 -1 0
-0.35 -0.190526 -0.606218 0.222222 0.833333 -0 -1 0
-0.657785 -0.190526 -0.239414 0.111111 0.833333 -0 -1 0
-0.515 0 -0.892006 0.222222 0.5 -0.6733 -0.4769 -0.565
-0.46 -0.190526 -0.796743 0.222222 0.666667 -0.6733 -0.4769 -0.565
-0.864517 -0.190526 -0.314658 0.111111 0.666667 -0.6733 -0.4769 -0.565
0.159756 0.190526 -0.906023 0.333333 0.333333 -0.1526 0.4769 -0.8656
0.178858 0 -1.01435 0.333333 0.5 -0.1526 0.4769 -0.8656
-0.515 0 -0.892006 0.222222 0.5 -0.1526 0.4769 -0.8656
0.121554 0.190526 -0.689365 0.333333 0.166667 -0 1 0
0.159756 0.190526 -0.906023 0.333333 0.333333 -0 1 0
-0.46 0.190526 -0.796743 0.222222 0.333333 -0 1 0
0.102452 0 -0.581037 0.333333 0 0.1526 0.4769 0.8656
0.121554 0.190526 -0.689365 0.333333 0.166667 0.1526 0.4769 0.8656
-0.35 0.190526 -0.606218 0.222222 0.166667 0.1526 0.4769 0.8656
0.121554 -0.190526 -0.689365 0.333333 0.833333 0.1526 -0.4769 0.8656
0.102452 0 -0.581037 0.333333 1 0.1526 -0.4769 0.8656
-0.295 0 -0.510955 0.222222 1 0.1526 -0.4769 0.8656
0.159756 -0.190526 -0.906023 0.333333 0.666667 -0 -1 0
0.121554 -0.190526 -0.689365 0.333333 0.833333 -0 -1 0
-0.35 -0.190526 -0.606218 0.222222 0.833333 -0 -1 0
0.178858 0 -1.01435 0.333333 0.5 -0.1526 -0.4769 -0.8656
0.159756 -0.190526 -0.906023 0.333333 0.666667 -0.1526 -0.4769 -0.8656
-0.46 -0.190526 -0.796743 0.222222 0.666667 -0.1526 -0.4769 -0.8656
0.704761 0.190526 -0.591365 0.444444 0.333333 0.4395 0.4769 -0.7612
0.789026 0 -0.662071 0.444444 0.5 0.4395 0.4769 -0.7612
0.178858 0 -1.01435 0.333333 0.5 0.4395 0.4769 -0.7612
0.536231 0.190526 -0.449951 0.444444 0.166667 -0 1 0
0.704761 0.190526 -0.591365 0.444444 0.333333 -0 1 0
0.159756 0.190526 -0.906023 0.333333 0.333333 -0 1 0
0.451966 0 -0.379245 0.444444 0 -0.4395 0.4769 0.7612
0.536231 0.190526 -0.449951 0.444444 0.166667 -0.4395 0.4769 0.7612
0.121554 0.190526 -0.689365 0.333333 0.166667 -0.4395 0.4769 0.7612
0.536231 -0.190526 -0.449951 0.444444 0.833333 -0.4395 -0.4769 0.7612
0.451966 0 -0.379245 0.444444 1 -0.4395 -0.4769 0.7612
0.102452 0 -0.581037 0.333333 1 -0.4395 -0.4769 0.7612
0.704761 -0.190526 -0.591365 0.444444 0.666667 -0 -1 0
0.536231 -0.190526 -0.449951 0.444444 0.833333 -0 -1 0
0.121554 -0.190526 -0.689365 0.333333 0.833333 -0 -1 0
0.789026 0 -0.662071 0.444444 0.5 0.4395 -0.4769 -0.7612
0.704761 -0.190526 -0.591365 0.444444 0.666667 0.4395 -0.4769 -0.7612
0.159756 -0.190526 -0.906023 0.333333 0.666667 0.4395 -0.4769 -0.7612
0.92 0.190526 -0 0.555556 0.333333 0.826 0.4769 -0.3006
1.03 0 -0 0.555556 0.5 0.826 0.4769 -0.3006
0.789026 0 -0.662071 0.444444 0.5 0.826 0.4769 -0.3006
0.7 0.190526 -0 0.555556 0.166667 -0 1 0
0.92 0.190526 -0 0.555556 0.333333 -0 1 0
0.704761 0.190526 -0.591365 0.444444 0.333333 -0 1 0
0.59 0 -0 0.555556 0 -0.826 0.4769 0.3006
0.7 0.190526 -0 0.555556 0.166667 -0.826 0.4769 0.3006
0.536231 0.190526 -0.449951 0.444444 0.166667 -0.826 0.4769 0.3006
0.7 -0.190526 -0 0.555556 0.833333 -0.826 -0.4769 0.3006
0.59 0 -0 0.555556 1 -0.826 -0.4769 0.3006
0.451966 0 -0.379245 0.444444 1 -0.826 -0.4769 0.3006
0.92 -0.190526 -0 0.555556 0.666667 -0 -1 0
0.7 -0.190526 -0 0.555556 0.833333 -0 -1 0
0.536231 -0.190526 -0.449951 0.444444 0.833333 -0 -1 0
1.03 0 -0 0.555556 0.5 0.826 -0.4769 -0.3006
0.92 -0.190526 -0 0.555556 0.666667 0.826 -0.4769 -0.3006
0.704761 -0.190526 -0.591365 0.444444 0.666667 0.826 -0.4769 -0.3006
