Vertex Count: 240

Data: 

-0.162456 -0.850654 -0.499995 0.136365 0.921269 0.1024 -0.9435 -0.3151
0.425323 -0.850654 -0.309011 0.227273 0.921269 0.1024 -0.9435 -0.3151
0 -1 -0 0.181819 1 0.1024 -0.9435 -0.3151
0.850648 -0.525736 -0 0.363637 0.842539 0.7002 -0.6617 -0.268
0.425323 -0.850654 -0.309011 0.318182 0.921269 0.7002 -0.6617 -0.268
0.723607 -0.44722 -0.525725 0.272728 0.842539 0.7002 -0.6617 -0.268
-0.52573 -0.850652 -0 0.863636 0.921269 -0.268 -0.9435 -0.1947
-0.162456 -0.850654 -0.499995 0.954545 0.921269 -0.268 -0.9435 -0.1947
0 -1 -0 0.909091 1 -0.268 -0.9435 -0.1947
-0.162456 -0.850654 0.499995 0.681818 0.921269 -0.268 -0.9435 0.1947
-0.52573 -0.850652 -0 0.772727 0.921269 -0.268 -0.9435 0.1947
0 -1 -0 0.727273 1 -0.268 -0.9435 0.1947
0.425323 -0.850654 0.309011 0.5 0.921269 0.1024 -0.9435 0.3151
-0.162456 -0.850654 0.499995 0.590909 0.921269 0.1024 -0.9435 0.3151
0 -1 -0 0.545455 1 0.1024 -0.9435 0.3151
0.951058 0 -0.309013 0.318182 0.763809 0.905 -0.3304 -0.268
0.850648 -0.525736 -0 0.363637 0.842539 0.905 -0.3304 -0.268
0.723607 -0.44722 -0.525725 0.272728 0.842539 0.905 -0.3304 -0.268
0 0 -1 0.136365 0.763809 0.0247 -0.3304 -0.9435
0.262869 -0.525738 -0.809012 0.181819 0.842539 0.0247 -0.3304 -0.9435
-0.276388 -0.44722 -0.850649 0.09091 0.842539 0.0247 -0.3304 -0.9435
-0.951058 0 -0.309013 0.863636 0.763809 -0.8897 -0.3304 -0.3151
-0.688189 -0.525736 -0.499997 0.909091 0.842539 -0.8897 -0.3304 -0.3151
-0.894426 -0.447216 -0 0.818182 0.842539 -0.8897 -0.3304 -0.3151
-0.587786 0 0.809017 0.681818 0.763809 -0.5746 -0.3304 0.7488
-0.688189 -0.525736 0.499997 0.727273 0.842539 -0.5746 -0.3304 0.7488
-0.276388 -0.44722 0.850649 0.636364 0.842539 -0.5746 -0.3304 0.7488
0.587786 0 0.809017 0.5 0.763809 0.5346 -0.3304 0.7779
0.262869 -0.525738 0.809012 0.545455 0.842539 0.5346 -0.3304 0.7779
0.723607 -0.44722 0.525725 0.454546 0.842539 0.5346 -0.3304 0.7779
0.587786 0 -0.809017 0.227273 0.763809 0.8026 -0.1256 -0.5831
0.951058 0 -0.309013 0.318182 0.763809 0.8026 -0.1256 -0.5831
0.723607 -0.44722 -0.525725 0.272728 0.842539 0.8026 -0.1256 -0.5831
-0.587786 0 -0.809017 0.045455 0.763809 -0.3066 -0.1256 -0.9435
0 0 -1 0.136365 0.763809 -0.3066 -0.1256 -0.9435
-0.276388 -0.44722 -0.850649 0.09091 0.842539 -0.3066 -0.1256 -0.9435
-0.951058 0 0.309013 0.772727 0.763809 -0.9921 -0.1256 0
-0.951058 0 -0.309013 0.863636 0.763809 -0.9921 -0.1256 0
-0.894426 -0.447216 -0 0.818182 0.842539 -0.9921 -0.1256 0
0 0 1 0.590909 0.763809 -0.3066 -0.1256 0.9435
-0.587786 0 0.809017 0.681818 0.763809 -0.3066 -0.1256 0.9435
-0.276388 -0.44722 0.850649 0.636364 0.842539 -0.3066 -0.1256 0.9435
0.951058 0 0.309013 0.409092 0.763809 0.8026 -0.1256 0.5831
0.587786 0 0.809017 0.5 0.763809 0.8026 -0.1256 0.5831
0.723607 -0.44722 0.525725 0.454546 0.842539 0.8026 -0.1256 0.5831
0.162456 0.850654 -0.499995 0.227273 0.606349 0.4089 0.6617 -0.6284
0.688189 0.525736 -0.499997 0.272728 0.685079 0.4089 0.6617 -0.6284
0.276388 0.44722 -0.850649 0.181819 0.685079 0.4089 0.6617 -0.6284
-0.425323 0.850654 -0.309011 0.045455 0.606349 -0.4713 0.6617 -0.5831
-0.262869 0.525738 -0.809012 0.09091 0.685079 -0.4713 0.6617 -0.5831
-0.723607 0.44722 -0.525725 0 0.685079 -0.4713 0.6617 -0.5831
-0.425323 0.850654 0.309011 0.772727 0.606349 -0.7002 0.6617 0.268
-0.850648 0.525736 -0 0.818182 0.685079 -0.7002 0.6617 0.268
-0.723607 0.44722 0.525725 0.727273 0.685079 -0.7002 0.6617 0.268
0.162456 0.850654 0.499995 0.590909 0.606349 0.0385 0.6617 0.7488
-0.262869 0.525738 0.809012 0.636364 0.685079 0.0385 0.6617 0.7488
0.276388 0.44722 0.850649 0.545455 0.685079 0.0385 0.6617 0.7488
0.52573 0.850652 -0 0.409092 0.606349 0.724 0.6617 0.1947
0.688189 0.525736 0.499997 0.454546 0.685079 0.724 0.6617 0.1947
0.894426 0.447216 -0 0.363637 0.685079 0.724 0.6617 0.1947
0 1 -0 0.454546 0.527618 0.268 0.9435 0.1947
0.162456 0.850654 0.499995 0.5 0.606349 0.268 0.9435 0.1947
0.52573 0.850652 -0 0.409092 0.606349 0.268 0.9435 0.1947
0.162456 0.850654 0.499995 0.5 0.606349 0.4911 0.7947 0.3568
0.688189 0.525736 0.499997 0.454546 0.685079 0.4911 0.7947 0.3568
0.52573 0.850652 -0 0.409092 0.606349 0.4911 0.7947 0.3568
0.162456 0.850654 0.499995 0.5 0.606349 0.4089 0.6617 0.6284
0.276388 0.44722 0.850649 0.545455 0.685079 0.4089 0.6617 0.6284
0.688189 0.525736 0.499997 0.454546 0.685079 0.4089 0.6617 0.6284
0 1 -0 0.636364 0.527618 -0.1024 0.9435 0.3151
-0.425323 0.850654 0.309011 0.681818 0.606349 -0.1024 0.9435 0.3151
0.162456 0.850654 0.499995 0.590909 0.606349 -0.1024 0.9435 0.3151
-0.425323 0.850654 0.309011 0.681818 0.606349 -0.1876 0.7947 0.5773
-0.262869 0.525738 0.809012 0.636364 0.685079 -0.1876 0.7947 0.5773
0.162456 0.850654 0.499995 0.590909 0.606349 -0.1876 0.7947 0.5773
-0.425323 0.850654 0.309011 0.681818 0.606349 -0.4713 0.6617 0.5831
-0.723607 0.44722 0.525725 0.727273 0.685079 -0.4713 0.6617 0.5831
-0.262869 0.525738 0.809012 0.636364 0.685079 -0.4713 0.6617 0.5831
0 1 -0 0.818182 0.527618 -0.3313 0.9435 0
-0.425323 0.850654 -0.309011 0.863636 0.606349 -0.3313 0.9435 0
-0.425323 0.850654 0.309011 0.772727 0.606349 -0.3313 0.9435 0
-0.425323 0.850654 -0.309011 0.863636 0.606349 -0.6071 0.7947 0
-0.850648 0.525736 -0 0.818182 0.685079 -0.6071 0.7947 0
-0.425323 0.850654 0.309011 0.772727 0.606349 -0.6071 0.7947 0
-0.425323 0.850654 -0.309011 0.863636 0.606349 -0.7002 0.6617 -0.268
-0.723607 0.44722 -0.525725 0.909091 0.685079 -0.7002 0.6617 -0.268
-0.850648 0.525736 -0 0.818182 0.685079 -0.7002 0.6617 -0.268
0 1 -0 0.09091 0.527618 -0.1024 0.9435 -0.3151
0.162456 0.850654 -0.499995 0.136365 0.606349 -0.1024 0.9435 -0.3151
-0.425323 0.850654 -0.309011 0.045455 0.606349 -0.1024 0.9435 -0.3151
0.162456 0.850654 -0.499995 0.136365 0.606349 -0.1876 0.7947 -0.5773
-0.262869 0.525738 -0.809012 0.09091 0.685079 -0.1876 0.7947 -0.5773
-0.425323 0.850654 -0.309011 0.045455 0.606349 -0.1876 0.7947 -0.5773
0.162456 0.850654 -0.499995 0.136365 0.606349 0.0385 0.6617 -0.7488
0.276388 0.44722 -0.850649 0.181819 0.685079 0.0385 0.6617 -0.7488
-0.262869 0.525738 -0.809012 0.09091 0.685079 0.0385 0.6617 -0.7488
0 1 -0 0.272728 0.527618 0.268 0.9435 -0.1947
0.52573 0.850652 -0 0.318182 0.606349 0.268 0.9435 -0.1947
0.162456 0.850654 -0.499995 0.227273 0.606349 0.268 0.9435 -0.1947
0.52573 0.850652 -0 0.318182 0.606349 0.4911 0.7947 -0.3568
0.688189 0.525736 -0.499997 0.272728 0.685079 0.4911 0.7947 -0.3568
0.162456 0.850654 -0.499995 0.227273 0.606349 0.4911 0.7947 -0.3568
0.52573 0.850652 -0 0.318182 0.606349 0.724 0.6617 -0.1947
0.894426 0.447216 -0 0.363637 0.685079 0.724 0.6617 -0.1947
0.688189 0.525736 -0.499997 0.272728 0.685079 0.724 0.6617 -0.1947
0.894426 0.447216 -0 0.363637 0.685079 0.8897 0.3304 0.3151
0.688189 0.525736 0.499997 0.454546 0.685079 0.8897 0.3304 0.3151
0.951058 0 0.309013 0.409092 0.763809 0.8897 0.3304 0.3151
0.688189 0.525736 0.499997 0.454546 0.685079 0.7947 0.1876 0.5773
0.587786 0 0.809017 0.5 0.763809 0.7947 0.1876 0.5773
0.951058 0 0.309013 0.409092 0.763809 0.7947 0.1876 0.5773
0.688189 0.525736 0.499997 0.454546 0.685079 0.5746 0.3304 0.7488
0.276388 0.44722 0.850649 0.545455 0.685079 0.5746 0.3304 0.7488
0.587786 0 0.809017 0.5 0.763809 0.5746 0.3304 0.7488
0.276388 0.44722 0.850649 0.545455 0.685079 -0.0247 0.3304 0.9435
-0.262869 0.525738 0.809012 0.636364 0.685079 -0.0247 0.3304 0.9435
0 0 1 0.590909 0.763809 -0.0247 0.3304 0.9435
-0.262869 0.525738 0.809012 0.636364 0.685079 -0.3035 0.1876 0.9342
-0.587786 0 0.809017 0.681818 0.763809 -0.3035 0.1876 0.9342
0 0 1 0.590909 0.763809 -0.3035 0.1876 0.9342
-0.262869 0.525738 0.809012 0.636364 0.685079 -0.5346 0.3304 0.7779
-0.723607 0.44722 0.525725 0.727273 0.685079 -0.5346 0.3304 0.7779
-0.587786 0 0.809017 0.681818 0.763809 -0.5346 0.3304 0.7779
-0.723607 0.44722 0.525725 0.727273 0.685079 -0.905 0.3304 0.268
-0.850648 0.525736 -0 0.818182 0.685079 -0.905 0.3304 0.268
-0.951058 0 0.309013 0.772727 0.763809 -0.905 0.3304 0.268
-0.850648 0.525736 -0 0.818182 0.685079 -0.9822 0.1876 0
-0.951058 0 -0.309013 0.863636 0.763809 -0.9822 0.1876 0
-0.951058 0 0.309013 0.772727 0.763809 -0.9822 0.1876 0
-0.850648 0.525736 -0 0.818182 0.685079 -0.905 0.3304 -0.268
-0.723607 0.44722 -0.525725 0.909091 0.685079 -0.905 0.3304 -0.268
-0.951058 0 -0.309013 0.863636 0.763809 -0.905 0.3304 -0.268
-0.723607 0.44722 -0.525725 0 0.685079 -0.5346 0.3304 -0.7779
-0.262869 0.525738 -0.809012 0.09091 0.685079 -0.5346 0.3304 -0.7779
-0.587786 0 -0.809017 0.045455 0.763809 -0.5346 0.3304 -0.7779
-0.262869 0.525738 -0.809012 0.09091 0.685079 -0.3035 0.1876 -0.9342
0 0 -1 0.136365 0.763809 -0.3035 0.1876 -0.9342
-0.587786 0 -0.809017 0.045455 0.763809 -0.3035 0.1876 -0.9342
-0.262869 0.525738 -0.809012 0.09091 0.685079 -0.0247 0.3304 -0.9435
0.276388 0.44722 -0.850649 0.181819 0.685079 -0.0247 0.3304 -0.9435
0 0 -1 0.136365 0.763809 -0.0247 0.3304 -0.9435
0.276388 0.44722 -0.850649 0.181819 0.685079 0.5746 0.3304 -0.7488
0.688189 0.525736 -0.499997 0.272728 0.685079 0.5746 0.3304 -0.7488
0.587786 0 -0.809017 0.227273 0.763809 0.5746 0.3304 -0.7488
0.688189 0.525736 -0.499997 0.272728 0.685079 0.7947 0.1876 -0.5773
0.951058 0 -0.309013 0.318182 0.763809 0.7947 0.1876 -0.5773
0.587786 0 -0.809017 0.227273 0.763809 0.7947 0.1876 -0.5773
0.688189 0.525736 -0.499997 0.272728 0.685079 0.8897 0.3304 -0.3151
0.894426 0.447216 -0 0.363637 0.685079 0.8897 0.3304 -0.3151
0.951058 0 -0.309013 0.318182 0.763809 0.8897 0.3304 -0.3151
0.276388 0.44722 0.850649 0.545455 0.685079 0.3066 0.1256 0.9435
0 0 1 0.590909 0.763809 0.3066 0.1256 0.9435
0.587786 0 0.809017 0.5 0.763809 0.3066 0.1256 0.9435
0 0 1 0.590909 0.763809 0.3035 -0.1876 0.9342
0.262869 -0.525738 0.809012 0.545455 0.842539 0.3035 -0.1876 0.9342
0.587786 0 0.809017 0.5 0.763809 0.3035 -0.1876 0.9342
0 0 1 0.590909 0.763809 0.0247 -0.3304 0.9435
-0.276388 -0.44722 0.850649 0.636364 0.842539 0.0247 -0.3304 0.9435
0.262869 -0.525738 0.809012 0.545455 0.842539 0.0247 -0.3304 0.9435
-0.723607 0.44722 0.525725 0.727273 0.685079 -0.8026 0.1256 0.5831
-0.951058 0 0.309013 0.772727 0.763809 -0.8026 0.1256 0.5831
-0.587786 0 0.809017 0.681818 0.763809 -0.8026 0.1256 0.5831
-0.951058 0 0.309013 0.772727 0.763809 -0.7947 -0.1876 0.5773
-0.688189 -0.525736 0.499997 0.727273 0.842539 -0.7947 -0.1876 0.5773
-0.587786 0 0.809017 0.681818 0.763809 -0.7947 -0.1876 0.5773
-0.951058 0 0.309013 0.772727 0.763809 -0.8897 -0.3304 0.3151
-0.894426 -0.447216 -0 0.818182 0.842539 -0.8897 -0.3304 0.3151
-0.688189 -0.525736 0.499997 0.727273 0.842539 -0.8897 -0.3304 0.3151
-0.723607 0.44722 -0.525725 0.909091 0.685079 -0.8026 0.1256 -0.5831
-0.587786 0 -0.809017 0.954545 0.763809 -0.8026 0.1256 -0.5831
-0.951058 0 -0.309013 0.863636 0.763809 -0.8026 0.1256 -0.5831
-0.587786 0 -0.809017 0.954545 0.763809 -0.7947 -0.1876 -0.5773
-0.688189 -0.525736 -0.499997 0.909091 0.842539 -0.7947 -0.1876 -0.5773
-0.951058 0 -0.309013 0.863636 0.763809 -0.7947 -0.1876 -0.5773
-0.587786 0 -0.809017 0.954545 0.763809 -0.5746 -0.3304 -0.7488
-0.276388 -0.44722 -0.850649 1 0.842539 -0.5746 -0.3304 -0.7488
-0.688189 -0.525736 -0.499997 0.909091 0.842539 -0.5746 -0.3304 -0.7488
0.276388 0.44722 -0.850649 0.181819 0.685079 0.3066 0.1256 -0.9435
0.587786 0 -0.809017 0.227273 0.763809 0.3066 0.1256 -0.9435
0 0 -1 0.136365 0.763809 0.3066 0.1256 -0.9435
0.587786 0 -0.809017 0.227273 0.763809 0.3035 -0.1876 -0.9342
0.262869 -0.525738 -0.809012 0.181819 0.842539 0.3035 -0.1876 -0.9342
0 0 -1 0.136365 0.763809 0.3035 -0.1876 -0.9342
0.587786 0 -0.809017 0.227273 0.763809 0.5346 -0.3304 -0.7779
0.723607 -0.44722 -0.525725 0.272728 0.842539 0.5346 -0.3304 -0.7779
0.262869 -0.525738 -0.809012 0.181819 0.842539 0.5346 -0.3304 -0.7779
0.894426 0.447216 -0 0.363637 0.685079 0.9921 0.1256 0
0.951058 0 0.309013 0.409092 0.763809 0.9921 0.1256 0
0.951058 0 -0.309013 0.318182 0.763809 0.9921 0.1256 0
0.951058 0 0.309013 0.409092 0.763809 0.9822 -0.1876 0
0.850648 -0.525736 -0 0.363637 0.842539 0.9822 -0.1876 0
0.951058 0 -0.309013 0.318182 0.763809 0.9822 -0.1876 0
0.951058 0 0.309013 0.409092 0.763809 0.905 -0.3304 0.268
0.723607 -0.44722 0.525725 0.454546 0.842539 0.905 -0.3304 0.268
0.850648 -0.525736 -0 0.363637 0.842539 0.905 -0.3304 0.268
0.723607 -0.44722 0.525725 0.454546 0.842539 0.4713 -0.6617 0.5831
0.262869 -0.525738 0.809012 0.545455 0.842539 0.4713 -0.6617 0.5831
0.425323 -0.850654 0.309011 0.5 0.921269 0.4713 -0.6617 0.5831
0.262869 -0.525738 0.809012 0.545455 0.842539 0.1876 -0.7947 0.5773
-0.162456 -0.850654 0.499995 0.590909 0.921269 0.1876 -0.7947 0.5773
0.425323 -0.850654 0.309011 0.5 0.921269 0.1876 -0.7947 0.5773
0.262869 -0.525738 0.809012 0.545455 0.842539 -0.0385 -0.6617 0.7488
-0.276388 -0.44722 0.850649 0.636364 0.842539 -0.0385 -0.6617 0.7488
-0.162456 -0.850654 0.499995 0.590909 0.921269 -0.0385 -0.6617 0.7488
-0.276388 -0.44722 0.850649 0.636364 0.842539 -0.4089 -0.6617 0.6284
-0.688189 -0.525736 0.499997 0.727273 0.842539 -0.4089 -0.6617 0.6284
-0.162456 -0.850654 0.499995 0.681818 0.921269 -0.4089 -0.6617 0.6284
-0.688189 -0.525736 0.499997 0.727273 0.842539 -0.4911 -0.7947 0.3568
-0.52573 -0.850652 -0 0.772727 0.921269 -0.4911 -0.7947 0.3568
-0.162456 -0.850654 0.499995 0.681818 0.921269 -0.4911 -0.7947 0.3568
-0.688189 -0.525736 0.499997 0.727273 0.842539 -0.724 -0.6617 0.1947
-0.894426 -0.447216 -0 0.818182 0.842539 -0.724 -0.6617 0.1947
-0.52573 -0.850652 -0 0.772727 0.921269 -0.724 -0.6617 0.1947
-0.894426 -0.447216 -0 0.818182 0.842539 -0.724 -0.6617 -0.1947
-0.688189 -0.525736 -0.499997 0.909091 0.842539 -0.724 -0.6617 -0.1947
-0.52573 -0.850652 -0 0.863636 0.921269 -0.724 -0.6617 -0.1947
-0.688189 -0.525736 -0.499997 0.909091 0.842539 -0.4911 -0.7947 -0.3568
-0.162456 -0.850654 -0.499995 0.954545 0.921269 -0.4911 -0.7947 -0.3568
-0.52573 -0.850652 -0 0.863636 0.921269 -0.4911 -0.7947 -0.3568
-0.688189 -0.525736 -0.499997 0.909091 0.842539 -0.4089 -0.6617 -0.6284
-0.276388 -0.44722 -0.850649 1 0.842539 -0.4089 -0.6617 -0.6284
-0.162456 -0.850654 -0.499995 0.954545 0.921269 -0.4089 -0.6617 -0.6284
0.723607 -0.44722 0.525725 0.454546 0.842539 0.7002 -0.6617 0.268
0.425323 -0.850654 0.309011 0.409092 0.921269 0.7002 -0.6617 0.268
0.850648 -0.525736 -0 0.363637 0.842539 0.7002 -0.6617 0.268
0.425323 -0.850654 0.309011 0.409092 0.921269 0.6071 -0.7947 0
0.425323 -0.850654 -0.309011 0.318182 0.921269 0.6071 -0.7947 0
0.850648 -0.525736 -0 0.363637 0.842539 0.6071 -0.7947 0
0.425323 -0.850654 0.309011 0.409092 0.921269 0.3313 -0.9435 0
0 -1 -0 0.363637 1 0.3313 -0.9435 0
0.425323 -0.850654 -0.309011 0.318182 0.921269 0.3313 -0.9435 0
-0.276388 -0.44722 -0.850649 0.09091 0.842539 -0.0385 -0.6617 -0.7488
0.262869 -0.525738 -0.809012 0.181819 0.842539 -0.0385 -0.6617 -0.7488
-0.162456 -0.850654 -0.499995 0.136365 0.921269 -0.0385 -0.6617 -0.7488
0.262869 -0.525738 -0.809012 0.181819 0.842539 0.1876 -0.7947 -0.5773
0.425323 -0.850654 -0.309011 0.227273 0.921269 0.1876 -0.7947 -0.5773
-0.162456 -0.850654 -0.499995 0.136365 0.921269 0.1876 -0.7947 -0.5773
0.262869 -0.525738 -0.809012 0.181819 0.842539 0.4713 -0.6617 -0.5831
0.723607 -0.44722 -0.525725 0.272728 0.842539 0.4713 -0.6617 -0.5831
0.425323 -0.850654 -0.309011 0.227273 0.921269 0.4713 -0.6617 -0.5831
