Vertex Count: 324

Data: 

1.34 0 -0 0.555556 0.5 0.826 0.4769 0.3006
1.17 0.294449 -0 0.555556 0.333333 0.826 0.4769 0.3006
1.0265 0 0.861336 0.666667 0.5 0.826 0.4769 0.3006
1.17 0.294449 -0 0.555556 0.333333 -0 1 0
0.83 0.294449 -0 0.555556 0.166667 -0 1 0
0.896272 0.294449 0.752062 0.666667 0.333333 -0 1 0
0.83 0.294449 -0 0.555556 0.166667 -0.826 0.4769 -0.3006
0.66 0 -0 0.555556 0 -0.826 0.4769 -0.3006
0.635817 0.294449 0.533514 0.666667 0.166667 -0.826 0.4769 -0.3006
0.66 0 -0 0.555556 1 -0.826 -0.4769 -0.3006
0.83 -0.294449 -0 0.555556 0.833333 -0.826 -0.4769 -0.3006
0.505589 0 0.42424 0.666667 1 -0.826 -0.4769 -0.3006
1.17 -0.294449 -0 0.555556 0.666667 -0 -1 0
0.896272 -0.294449 0.752062 0.666667 0.666667 -0 -1 0
0.83 -0.294449 -0 0.555556 0.833333 -0 -1 0
1.17 -0.294449 -0 0.555556 0.666667 0.826 -0.4769 0.3006
1.34 0 -0 0.555556 0.5 0.826 -0.4769 0.3006
0.896272 -0.294449 0.752062 0.666667 0.666667 0.826 -0.4769 0.3006
1.0265 0 0.861336 0.666667 0.5 0.4395 0.4769 0.7612
0.896272 0.294449 0.752062 0.666667 0.333333 0.4395 0.4769 0.7612
0.232689 0 1.31964 0.777778 0.5 0.4395 0.4769 0.7612
0.896272 0.294449 0.752062 0.666667 0.333333 -0 1 0
0.635817 0.294449 0.533514 0.666667 0.166667 -0 1 0
0.203168 0.294449 1.15223 0.777778 0.333333 -0 1 0
0.505589 0 0.42424 0.666667 0 -0.4395 0.4769 -0.7612
0.114608 0 0.649973 0.777778 0 -0.4395 0.4769 -0.7612
0.635817 0.294449 0.533514 0.666667 0.166667 -0.4395 0.4769 -0.7612
0.505589 0 0.42424 0.666667 1 -0.4395 -0.4769 -0.7612
0.635817 -0.294449 0.533514 0.666667 0.833333 -0.4395 -0.4769 -0.7612
0.114608 0 0.649973 0.777778 1 -0.4395 -0.4769 -0.7612
0.635817 -0.294449 0.533514 0.666667 0.833333 -0 -1 0
0.896272 -0.294449 0.752062 0.666667 0.666667 -0 -1 0
0.144128 -0.294449 0.81739 0.777778 0.833333 -0 -1 0
0.896272 -0.294449 0.752062 0.666667 0.666667 0.4395 -0.4769 0.7612
1.0265 0 0.861336 0.666667 0.5 0.4395 -0.4769 0.7612
0.203168 -0.294449 1.15223 0.777778 0.666667 0.4395 -0.4769 0.7612
0.203168 0.294449 1.15223 0.777778 0.333333 -0.1526 0.4769 0.8656
-0.585 0.294449 1.01325 0.888889 0.333333 -0.1526 0.4769 0.8656
0.232689 0 1.31964 0.777778 0.5 -0.1526 0.4769 0.8656
0.144128 0.294449 0.81739 0.777778 0.166667 -0 1 0
-0.415 0.294449 0.718801 0.888889 0.166667 -0 1 0
0.203168 0.294449 1.15223 0.777778 0.333333 -0 1 0
0.144128 0.294449 0.81739 0.777778 0.166667 0.1526 0.4769 -0.8656
0.114608 0 0.649973 0.777778 0 0.1526 0.4769 -0.8656
-0.415 0.294449 0.718801 0.888889 0.166667 0.1526 0.4769 -0.8656
0.114608 0 0.649973 0.777778 1 0.1526 -0.4769 -0.8656
0.144128 -0.294449 0.81739 0.777778 0.833333 0.1526 -0.4769 -0.8656
-0.33 0 0.571577 0.888889 1 0.1526 -0.4769 -0.8656
0.144128 -0.294449 0.81739 0.777778 0.833333 -0 -1 0
0.203168 -0.294449 1.15223 0.777778 0.666667 -0 -1 0
-0.415 -0.294449 0.718801 0.888889 0.833333 -0 -1 0
0.203168 -0.294449 1.15223 0.777778 0.666667 -0.1526 -0.4769 0.8656
0.232689 0 1.31964 0.777778 0.5 -0.1526 -0.4769 0.8656
-0.585 -0.294449 1.01325 0.888889 0.666667 -0.1526 -0.4769 0.8656
-0.585 0.294449 1.01325 0.888889 0.333333 -0.6733 0.4769 0.565
-1.09944 0.294449 0.400164 1 0.333333 -0.6733 0.4769 0.565
-0.67 0 1.16047 0.888889 0.5 -0.6733 0.4769 0.565
-0.585 0.294449 1.01325 0.888889 0.333333 -0 1 0
-0.415 0.294449 0.718801 0.888889 0.166667 -0 1 0
-1.09944 0.294449 0.400164 1 0.333333 -0 1 0
-0.415 0.294449 0.718801 0.888889 0.166667 0.6733 0.4769 -0.565
-0.33 0 0.571577 0.888889 0 0.6733 0.4769 -0.565
-0.779945 0.294449 0.283877 1 0.166667 0.6733 0.4769 -0.565
-0.33 0 0.571577 0.888889 1 0.6733 -0.4769 -0.565
-0.415 -0.294449 0.718801 0.888889 0.833333 0.6733 -0.4769 -0.565
-0.620197 0 0.225733 1 1 0.6733 -0.4769 -0.565
-0.585 -0.294449 1.01325 0.888889 0.666667 -0 -1 0
-1.09944 -0.294449 0.400164 1 0.666667 -0 -1 0
-0.415 -0.294449 0.718801 0.888889 0.833333 -0 -1 0
-0.585 -0.294449 1.01325 0.888889 0.666667 -0.6733 -0.4769 0.565
-0.67 0 1.16047 0.888889 0.5 -0.6733 -0.4769 0.565
-1.09944 -0.294449 0.400164 1 0.666667 -0.6733 -0.4769 0.565
-1.25919 0 0.458307 0 0.5 -0.879 0.4769 0
-1.09944 0.294449 0.400164 0 0.333333 -0.879 0.4769 0
-1.25919 0 -0.458307 0.111111 0.5 -0.879 0.4769 0
-1.09944 0.294449 0.400164 0 0.333333 -0 1 0
-0.779945 0.294449 0.283877 0 0.166667 -0 1 0
-1.09944 0.294449 -0.400163 0.111111 0.333333 -0 1 0
-0.779945 0.294449 0.283877 0 0.166667 0.879 0.4769 0
-0.620197 0 0.225733 0 0 0.879 0.4769 0
-0.779945 0.294449 -0.283877 0.111111 0.166667 0.879 0.4769 0
-0.779945 -0.294449 0.283877 0 0.833333 0.879 -0.4769 0
-0.779945 -0.294449 -0.283877 0.111111 0.833333 0.879 -0.4769 0
-0.620197 0 0.225733 0 1 0.879 -0.4769 0
-1.09944 -0.294449 0.400164 0 0.666667 -0 -1 0
-1.09944 -0.294449 -0.400163 0.111111 0.666667 -0 -1 0
-0.779945 -0.294449 0.283877 0 0.833333 -0 -1 0
-1.09944 -0.294449 0.400164 0 0.666667 -0.879 -0.4769 0
-1.25919 0 0.458307 0 0.5 -0.879 -0.4769 0
-1.09944 -0.294449 -0.400163 0.111111 0.666667 -0.879 -0.4769 0
-1.25919 0 -0.458307 0.111111 0.5 -0.6733 0.4769 -0.565
-1.09944 0.294449 -0.400163 0.111111 0.333333 -0.6733 0.4769 -0.565
-0.67 0 -1.16047 0.222222 0.5 -0.6733 0.4769 -0.565
-1.09944 0.294449 -0.400163 0.111111 0.333333 -0 1 0
-0.779945 0.294449 -0.283877 0.111111 0.166667 -0 1 0
-0.585 0.294449 -1.01325 0.222222 0.333333 -0 1 0
-0.779945 0.294449 -0.283877 0.111111 0.166667 0.6733 0.4769 0.565
-0.620197 0 -0.225733 0.111111 0 0.6733 0.4769 0.565
-0.415 0.294449 -0.718801 0.222222 0.166667 0.6733 0.4769 0.565
-0.620197 0 -0.225733 0.111111 1 0.6733 -0.4769 0.565
-0.779945 -0.294449 -0.283877 0.111111 0.833333 0.6733 -0.4769 0.565
-0.33 0 -0.571577 0.222222 1 0.6733 -0.4769 0.565
-0.779945 -0.294449 -0.283877 0.111111 0.833333 -0 -1 0
-1.09944 -0.294449 -0.400163 0.111111 0.666667 -0 -1 0
-0.415 -0.294449 -0.718801 0.222222 0.833333 -0 -1 0
-1.25919 0 -0.458307 0.111111 0.5 -0.6733 -0.4769 -0.565
-0.67 0 -1.16047 0.222222 0.5 -0.6733 -0.4769 -0.565
-1.09944 -0.294449 -0.400163 0.111111 0.666667 -0.6733 -0.4769 -0.565
-0.67 0 -1.16047 0.222222 0.5 -0.1526 0.4769 -0.8656
-0.585 0.294449 -1.01325 0.222222 0.333333 -0.1526 0.4769 -0.8656
0.232689 0 -1.31964 0.333333 0.5 -0.1526 0.4769 -0.8656
-0.585 0.294449 -1.01325 0.222222 0.333333 -0 1 0
-0.415 0.294449 -0.718801 0.222222 0.166667 -0 1 0
0.203168 0.294449 -1.15223 0.333333 0.333333 -0 1 0
-0.415 0.294449 -0.718801 0.222222 0.166667 0.1526 0.4769 0.8656
-0.33 0 -0.571577 0.222222 0 0.1526 0.4769 0.8656
0.144128 0.294449 -0.81739 0.333333 0.166667 0.1526 0.4769 0.8656
-0.33 0 -0.571577 0.222222 1 0.1526 -0.4769 0.8656
-0.415 -0.294449 -0.718801 0.222222 0.833333 0.1526 -0.4769 0.8656
0.114608 0 -0.649973 0.333333 1 0.1526 -0.4769 0.8656
-0.585 -0.294449 -1.01325 0.222222 0.666667 -0 -1 0
0.203168 -0.294449 -1.15223 0.333333 0.666667 -0 -1 0
-0.415 -0.294449 -0.718801 0.222222 0.833333 -0 -1 0
-0.67 0 -1.16047 0.222222 0.5 -0.1526 -0.4769 -0.8656
0.232689 0 -1.31964 0.333333 0.5 -0.1526 -0.4769 -0.8656
-0.585 -0.294449 -1.01325 0.222222 0.666667 -0.1526 -0.4769 -0.8656
0.232689 0 -1.31964 0.333333 0.5 0.4395 0.4769 -0.7612
0.203168 0.294449 -1.15223 0.333333 0.333333 0.4395 0.4769 -0.7612
1.0265 0 -0.861336 0.444444 0.5 0.4395 0.4769 -0.7612
0.144128 0.294449 -0.81739 0.333333 0.166667 -0 1 0
0.635817 0.294449 -0.533514 0.444444 0.166667 -0 1 0
0.203168 0.294449 -1.15223 0.333333 0.333333 -0 1 0
0.144128 0.294449 -0.81739 0.333333 0.166667 -0.4395 0.4769 0.7612
0.114608 0 -0.649973 0.333333 0 -0.4395 0.4769 0.7612
0.635817 0.294449 -0.533514 0.444444 0.166667 -0.4395 0.4769 0.7612
0.114608 0 -0.649973 0.333333 1 -0.4395 -0.4769 0.7612
0.144128 -0.294449 -0.81739 0.333333 0.833333 -0.4395 -0.4769 0.7612
0.505589 0 -0.42424 0.444444 1 -0.4395 -0.4769 0.7612
0.144128 -0.294449 -0.81739 0.333333 0.833333 -0 -1 0
0.203168 -0.294449 -1.15223 0.333333 0.666667 -0 -1 0
0.635817 -0.294449 -0.533514 0.444444 0.833333 -0 -1 0
0.203168 -0.294449 -1.15223 0.333333 0.666667 0.4395 -0.4769 -0.7612
0.232689 0 -1.31964 0.333333 0.5 0.4395 -0.4769 -0.7612
0.896272 -0.294449 -0.752062 0.444444 0.666667 0.4395 -0.4769 -0.7612
1.0265 0 -0.861336 0.444444 0.5 0.826 0.4769 -0.3006
0.896272 0.294449 -0.752062 0.444444 0.333333 0.826 0.4769 -0.3006
1.34 0 -0 0.555556 0.5 0.826 0.4769 -0.3006
0.635817 0.294449 -0.533514 0.444444 0.166667 -0 1 0
0.83 0.294449 -0 0.555556 0.166667 -0 1 0
0.896272 0.294449 -0.752062 0.444444 0.333333 -0 1 0
0.635817 0.294449 -0.533514 0.444444 0.166667 -0.826 0.4769 0.3006
0.505589 0 -0.42424 0.444444 0 -0.826 0.4769 0.3006
0.83 0.294449 -0 0.555556 0.166667 -0.826 0.4769 0.3006
0.505589 0 -0.42424 0.444444 1 -0.826 -0.4769 0.3006
0.635817 -0.294449 -0.533514 0.444444 0.833333 -0.826 -0.4769 0.3006
0.66 0 -0 0.555556 1 -0.826 -0.4769 0.3006
0.635817 -0.294449 -0.533514 0.444444 0.833333 -0 -1 0
0.896272 -0.294449 -0.752062 0.444444 0.666667 -0 -1 0
0.83 -0.294449 -0 0.555556 0.833333 -0 -1 0
0.896272 -0.294449 -0.752062 0.444444 0.666667 0.826 -0.4769 -0.3006
1.0265 0 -0.861336 0.444444 0.5 0.826 -0.4769 -0.3006
1.17 -0.294449 -0 0.555556 0.666667 0.826 -0.4769 -0.3006
1.17 0.294449 -0 0.555556 0.333333 0.826 0.4769 0.3006
0.896272 0.294449 0.752062 0.666667 0.333333 0.826 0.4769 0.3006
1.0265 0 0.861336 0.666667 0.5 0.826 0.4769 0.3006
0.83 0.294449 -0 0.555556 0.166667 -0 1 0
0.635817 0.294449 0.533514 0.666667 0.166667 -0 1 0
0.896272 0.294449 0.752062 0.666667 0.333333 -0 1 0
0.66 0 -0 0.555556 0 -0.826 0.4769 -0.3006
0.505589 0 0.42424 0.666667 0 -0.826 0.4769 -0.3006
0.635817 0.294449 0.533514 0.666667 0.166667 -0.826 0.4769 -0.3006
0.83 -0.294449 -0 0.555556 0.833333 -0.826 -0.4769 -0.3006
0.635817 -0.294449 0.533514 0.666667 0.833333 -0.826 -0.4769 -0.3006
0.505589 0 0.42424 0.666667 1 -0.826 -0.4769 -0.3006
0.896272 -0.294449 0.752062 0.666667 0.666667 -0 -1 0
0.635817 -0.294449 0.533514 0.666667 0.833333 -0 -1 0
0.83 -0.294449 -0 0.555556 0.833333 -0 -1 0
1.34 0 -0 0.555556 0.5 0.826 -0.4769 0.3006
1.0265 0 0.861336 0.666667 0.5 0.826 -0.4769 0.3006
0.896272 -0.294449 0.752062 0.666667 0.666667 0.826 -0.4769 0.3006
0.896272 0.294449 0.752062 0.666667 0.333333 0.4395 0.4769 0.7612
0.203168 0.294449 1.15223 0.777778 0.333333 0.4395 0.4769 0.7612
0.232689 0 1.31964 0.777778 0.5 0.4395 0.4769 0.7612
0.635817 0.294449 0.533514 0.666667 0.166667 -0 1 0
0.144128 0.294449 0.81739 0.777778 0.166667 -0 1 0
0.203168 0.294449 1.15223 0.777778 0.333333 -0 1 0
0.114608 0 0.649973 0.777778 0 -0.4395 0.4769 -0.7612
0.144128 0.294449 0.81739 0.777778 0.166667 -0.4395 0.4769 -0.7612
0.635817 0.294449 0.533514 0.666667 0.166667 -0.4395 0.4769 -0.7612
0.635817 -0.294449 0.533514 0.666667 0.833333 -0.4395 -0.4769 -0.7612
0.144128 -0.294449 0.81739 0.777778 0.833333 -0.4395 -0.4769 -0.7612
0.114608 0 0.649973 0.777778 1 -0.4395 -0.4769 -0.7612
0.896272 -0.294449 0.752062 0.666667 0.666667 -0 -1 0
0.203168 -0.294449 1.15223 0.777778 0.666667 -0 -1 0
0.144128 -0.294449 0.81739 0.777778 0.833333 -0 -1 0
1.0265 0 0.861336 0.666667 0.5 0.4395 -0.4769 0.7612
0.232689 0 1.31964 0.777778 0.5 0.4395 -0.4769 0.7612
0.203168 -0.294449 1.15223 0.777778 0.666667 0.4395 -0.4769 0.7612
-0.585 0.294449 1.01325 0.888889 0.333333 -0.1526 0.4769 0.8656
-0.67 0 1.16047 0.888889 0.5 -0.1526 0.4769 0.8656
0.232689 0 1.31964 0.777778 0.5 -0.1526 0.4769 0.8656
-0.415 0.294449 0.718801 0.888889 0.166667 -0 1 0
-0.585 0.294449 1.01325 0.888889 0.333333 -0 1 0
0.203168 0.294449 1.15223 0.777778 0.333333 -0 1 0
0.114608 0 0.649973 0.777778 0 0.1526 0.4769 -0.8656
-0.33 0 0.571577 0.888889 0 0.1526 0.4769 -0.8656
-0.415 0.294449 0.718801 0.888889 0.166667 0.1526 0.4769 -0.8656
0.144128 -0.294449 0.81739 0.777778 0.833333 0.1526 -0.4769 -0.8656
-0.415 -0.294449 0.718801 0.888889 0.833333 0.1526 -0.4769 -0.8656
-0.33 0 0.571577 0.888889 1 0.1526 -0.4769 -0.8656
0.203168 -0.294449 1.15223 0.777778 0.666667 -0 -1 0
-0.585 -0.294449 1.01325 0.888889 0.666667 -0 -1 0
-0.415 -0.294449 0.718801 0.888889 0.833333 -0 -1 0
0.232689 0 1.31964 0.777778 0.5 -0.1526 -0.4769 0.8656
-0.67 0 1.16047 0.888889 0.5 -0.1526 -0.4769 0.8656
-0.585 -0.294449 1.01325 0.888889 0.666667 -0.1526 -0.4769 0.8656
-1.09944 0.294449 0.400164 1 0.333333 -0.6733 0.4769 0.565
-1.25919 0 0.458307 1 0.5 -0.6733 0.4769 0.565
-0.67 0 1.16047 0.888889 0.5 -0.6733 0.4769 0.565
-0.415 0.294449 0.718801 0.888889 0.166667 -0 1 0
-0.779945 0.294449 0.283877 1 0.166667 -0 1 0
-1.09944 0.294449 0.400164 1 0.333333 -0 1 0
-0.33 0 0.571577 0.888889 0 0.6733 0.4769 -0.565
-0.620197 0 0.225733 1 0 0.6733 0.4769 -0.565
-0.779945 0.294449 0.283877 1 0.166667 0.6733 0.4769 -0.565
-0.415 -0.294449 0.718801 0.888889 0.833333 0.6733 -0.4769 -0.565
-0.779945 -0.294449 0.283877 1 0.833333 0.6733 -0.4769 -0.565
-0.620197 0 0.225733 1 1 0.6733 -0.4769 -0.565
-1.09944 -0.294449 0.400164 1 0.666667 -0 -1 0
-0.779945 -0.294449 0.283877 1 0.833333 -0 -1 0
-0.415 -0.294449 0.718801 0.888889 0.833333 -0 -1 0
-0.67 0 1.16047 0.888889 0.5 -0.6733 -0.4769 0.565
-1.25919 0 0.458307 1 0.5 -0.6733 -0.4769 0.565
-1.09944 -0.294449 0.400164 1 0.666667 -0.6733 -0.4769 0.565
-1.09944 0.294449 0.400164 0 0.333333 -0.879 0.4769 0
-1.09944 0.294449 -0.400163 0.111111 0.333333 -0.879 0.4769 0
-1.25919 0 -0.458307 0.111111 0.5 -0.879 0.4769 0
-0.779945 0.294449 0.283877 0 0.166667 -0 1 0
-0.779945 0.294449 -0.283877 0.111111 0.166667 -0 1 0
-1.09944 0.294449 -0.400163 0.111111 0.333333 -0 1 0
-0.620197 0 0.225733 0 0 0.879 0.4769 0
-0.620197 0 -0.225733 0.111111 0 0.879 0.4769 0
-0.779945 0.294449 -0.283877 0.111111 0.166667 0.879 0.4769 0
-0.779945 -0.294449 -0.283877 0.111111 0.833333 0.879 -0.4769 0
-0.620197 0 -0.225733 0.111111 1 0.879 -0.4769 0
-0.620197 0 0.225733 0 1 0.879 -0.4769 0
-1.09944 -0.294449 -0.400163 0.111111 0.666667 -0 -1 0
-0.779945 -0.294449 -0.283877 0.111111 0.833333 -0 -1 0
-0.779945 -0.294449 0.283877 0 0.833333 -0 -1 0
-1.25919 0 0.458307 0 0.5 -0.879 -0.4769 0
-1.25919 0 -0.458307 0.111111 0.5 -0.879 -0.4769 0
-1.09944 -0.294449 -0.400163 0.111111 0.666667 -0.879 -0.4769 0
-1.09944 0.294449 -0.400163 0.111111 0.333333 -0.6733 0.4769 -0.565
-0.585 0.294449 -1.01325 0.222222 0.333333 -0.6733 0.4769 -0.565
-0.67 0 -1.16047 0.222222 0.5 -0.6733 0.4769 -0.565
-0.779945 0.294449 -0.283877 0.111111 0.166667 -0 1 0
-0.415 0.294449 -0.718801 0.222222 0.166667 -0 1 0
-0.585 0.294449 -1.01325 0.222222 0.333333 -0 1 0
-0.620197 0 -0.225733 0.111111 0 0.6733 0.4769 0.565
-0.33 0 -0.571577 0.222222 0 0.6733 0.4769 0.565
-0.415 0.294449 -0.718801 0.222222 0.166667 0.6733 0.4769 0.565
-0.779945 -0.294449 -0.283877 0.111111 0.833333 0.6733 -0.4769 0.565
-0.415 -0.294449 -0.718801 0.222222 0.833333 0.6733 -0.4769 0.565
-0.33 0 -0.571577 0.222222 1 0.6733 -0.4769 0.565
-1.09944 -0.294449 -0.400163 0.111111 0.666667 -0 -1 0
-0.585 -0.294449 -1.01325 0.222222 0.666667 -0 -1 0
-0.415 -0.294449 -0.718801 0.222222 0.833333 -0 -1 0
-0.67 0 -1.16047 0.222222 0.5 -0.6733 -0.4769 -0.565
-0.585 -0.294449 -1.01325 0.222222 0.666667 -0.6733 -0.4769 -0.565
-1.09944 -0.294449 -0.400163 0.111111 0.666667 -0.6733 -0.4769 -0.565
-0.585 0.294449 -1.01325 0.222222 0.333333 -0.1526 0.4769 -0.8656
0.203168 0.294449 -1.15223 0.333333 0.333333 -0.1526 0.4769 -0.8656
0.232689 0 -1.31964 0.333333 0.5 -0.1526 0.4769 -0.8656
-0.415 0.294449 -0.718801 0.222222 0.166667 -0 1 0
0.144128 0.294449 -0.81739 0.333333 0.166667 -0 1 0
0.203168 0.294449 -1.15223 0.333333 0.333333 -0 1 0
-0.33 0 -0.571577 0.222222 0 0.1526 0.4769 0.8656
0.114608 0 -0.649973 0.333333 0 0.1526 0.4769 0.8656
0.144128 0.294449 -0.81739 0.333333 0.166667 0.1526 0.4769 0.8656
-0.415 -0.294449 -0.718801 0.222222 0.833333 0.1526 -0.4769 0.8656
0.144128 -0.294449 -0.81739 0.333333 0.833333 0.1526 -0.4769 0.8656
0.114608 0 -0.649973 0.333333 1 0.1526 -0.4769 0.8656
0.203168 -0.294449 -1.15223 0.333333 0.666667 -0 -1 0
0.144128 -0.294449 -0.81739 0.333333 0.833333 -0 -1 0
-0.415 -0.294449 -0.718801 0.222222 0.833333 -0 -1 0
0.232689 0 -1.31964 0.333333 0.5 -0.1526 -0.4769 -0.8656
0.203168 -0.294449 -1.15223 0.333333 0.666667 -0.1526 -0.4769 -0.8656
-0.585 -0.294449 -1.01325 0.222222 0.666667 -0.1526 -0.4769 -0.8656
0.203168 0.294449 -1.15223 0.333333 0.333333 0.4395 0.4769 -0.7612
0.896272 0.294449 -0.752062 0.444444 0.333333 0.4395 0.4769 -0.7612
1.0265 0 -0.861336 0.444444 0.5 0.4395 0.4769 -0.7612
0.635817 0.294449 -0.533514 0.444444 0.166667 -0 1 0
0.896272 0.294449 -0.752062 0.444444 0.333333 -0 1 0
0.203168 0.294449 -1.15223 0.333333 0.333333 -0 1 0
0.114608 0 -0.649973 0.333333 0 -0.4395 0.4769 0.7612
0.505589 0 -0.42424 0.444444 0 -0.4395 0.4769 0.7612
0.635817 0.294449 -0.533514 0.444444 0.166667 -0.4395 0.4769 0.7612
0.144128 -0.294449 -0.81739 0.333333 0.833333 -0.4395 -0.4769 0.7612
0.635817 -0.294449 -0.533514 0.444444 0.833333 -0.4395 -0.4769 0.7612
0.505589 0 -0.42424 0.444444 1 -0.4395 -0.4769 0.7612
0.203168 -0.294449 -1.15223 0.333333 0.666667 -0 -1 0
0.896272 -0.294449 -0.752062 0.444444 0.666667 -0 -1 0
0.635817 -0.294449 -0.533514 0.444444 0.833333 -0 -1 0
0.232689 0 -1.31964 0.333333 0.5 0.4395 -0.4769 -0.7612
1.0265 0 -0.861336 0.444444 0.5 0.4395 -0.4769 -0.7612
0.896272 -0.294449 -0.752062 0.444444 0.666667 0.4395 -0.4769 -0.7612
0.896272 0.294449 -0.752062 0.444444 0.333333 0.826 0.4769 -0.3006
1.17 0.294449 -0 0.555556 0.333333 0.826 0.4769 -0.3006
1.34 0 -0 0.555556 0.5 0.826 0.4769 -0.3006
0.83 0.294449 -0 0.555556 0.166667 -0 1 0
1.17 0.294449 -0 0.555556 0.333333 -0 1 0
0.896272 0.294449 -0.752062 0.444444 0.333333 -0 1 0
0.505589 0 -0.42424 0.444444 0 -0.826 0.4769 0.3006
0.66 0 -0 0.555556 0 -0.826 0.4769 0.3006
0.83 0.294449 -0 0.555556 0.166667 -0.826 0.4769 0.3006
0.635817 -0.294449 -0.533514 0.444444 0.833333 -0.826 -0.4769 0.3006
0.83 -0.294449 -0 0.555556 0.833333 -0.826 -0.4769 0.3006
0.66 0 -0 0.555556 1 -0.826 -0.4769 0.3006
0.896272 -0.294449 -0.752062 0.444444 0.666667 -0 -1 0
1.17 -0.294449 -0 0.555556 0.666667 -0 -1 0
0.83 -0.294449 -0 0.555556 0.833333 -0 -1 0
1.0265 0 -0.861336 0.444444 0.5 0.826 -0.4769 -0.3006
1.34 0 -0 0.555556 0.5 0.826 -0.4769 -0.3006
1.17 -0.294449 -0 0.555556 0.666667 0.826 -0.4769 -0.3006
